nm	n		k
400	1.67356281	0.0050239
405	1.67129508	0.00451279144
410	1.66913393	0.00406430247
415	1.66707283	0.0036696292
420	1.66510576	0.00332134987
425	1.6632271	0.0030131869
430	1.66143168	0.0027398133
435	1.65971467	0.00249669454
440	1.65807159	0.00227995894
445	1.65649828	0.00208629105
450	1.65499084	0.00191284367
455	1.65354567	0.00175716496
460	1.65215939	0.00161713785
465	1.65082885	0.00149092966
470	1.6495511	0.00137694982
475	1.64832339	0.00127381457
480	1.64714313	0.00118031717
485	1.64600791	0.00109540285
490	1.64491548	0.00101814759
495	1.64386369	0.000947740177
500	1.64285056	0.00088346688
505	1.64187421	0.000824698482
510	1.64093287	0.000770879143
515	1.64002489	0.000721516888
520	1.63914871	0.000676175443
525	1.63830284	0.000634467214
530	1.6374859	0.000596047235
535	1.63669659	0.000560607941
540	1.63593365	0.000527874645
545	1.63519593	0.000497601614
550	1.63448232	0.000469568661
555	1.63379178	0.000443578176
560	1.63312331	0.000419452536
565	1.63247597	0.000397031846
570	1.63184888	0.000376171955
575	1.63124121	0.000356742719
580	1.63065214	0.000338626478
585	1.63008092	0.00032171671
590	1.62952683	0.000305916849
595	1.62898919	0.000291139238
600	1.62846735	0.000277304211
605	1.62796068	0.000264339265
610	1.62746861	0.000252178346
615	1.62699057	0.000240761193
620	1.62652603	0.000230032776
625	1.62607448	0.000219942776
630	1.62563543	0.000210445135
635	1.62520843	0.000201497648
640	1.62479303	0.000193061599
645	1.62438881	0.000185101435
650	1.62399537	0.000177584476
655	1.62361233	0.000170480651
660	1.62323932	0.00016376226
665	1.62287599	0.00015740377
670	1.622522	0.000151381614
675	1.62217704	0.000145674027
680	1.62184078	0.000140260886
685	1.62151295	0.000135123569
690	1.62119326	0.000130244833
695	1.62088144	0.000125608691
700	1.62057723	0.000121200314
705	1.62028037	0.000117005933
710	1.61999065	0.000113012754
715	1.61970781	0.000109208878
720	1.61943165	0.000105583233
725	1.61916195	0.000102125504
730	1.61889852	9.88260792e-005
735	1.61864115	9.56759903e-005
740	1.61838966	9.26668675e-005
745	1.61814388	8.97908923e-005
750	1.61790362	8.70407561e-005
755	1.61766872	8.44096225e-005
760	1.61743902	8.18910925e-005
765	1.61721436	7.94791725e-005
770	1.61699461	7.71682449e-005
775	1.61677961	7.49530415e-005
780	1.61656922	7.2828618e-005
785	1.61636332	7.07903322e-005
790	1.61616178	6.88338219e-005
795	1.61596447	6.69549862e-005
800	1.61577127	6.51499674e-005
805	1.61558207	6.34151346e-005
810	1.61539676	6.17470681e-005
815	1.61521523	6.01425459e-005
820	1.61503737	5.85985298e-005
825	1.61486309	5.71121544e-005
830	1.6146923	5.56807147e-005
835	1.61452489	5.43016568e-005
840	1.61436078	5.29725675e-005
845	1.61419988	5.16911658e-005
850	1.6140421	5.04552945e-005
855	1.61388737	4.92629123e-005
860	1.61373561	4.81120868e-005
865	1.61358673	4.70009881e-005
870	1.61344067	4.59278818e-005
875	1.61329736	4.48911239e-005
880	1.61315672	4.38891553e-005
885	1.61301869	4.29204966e-005
890	1.6128832	4.19837432e-005
895	1.6127502	4.10775616e-005
900	1.61261961	4.02006846e-005
905	1.61249139	3.93519078e-005
910	1.61236547	3.85300858e-005
915	1.61224179	3.77341294e-005
920	1.61212031	3.69630016e-005
925	1.61200097	3.62157155e-005
930	1.61188373	3.5491331e-005
935	1.61176852	3.47889525e-005
940	1.61165531	3.41077261e-005
945	1.61154405	3.3446838e-005
950	1.61143469	3.28055117e-005
955	1.61132719	3.21830063e-005
960	1.61122151	3.15786146e-005
965	1.6111176	3.09916613e-005
970	1.61101543	3.04215013e-005
975	1.61091496	2.98675183e-005
980	1.61081615	2.93291232e-005
985	1.61071895	2.88057524e-005
990	1.61062335	2.82968671e-005
995	1.6105293	2.78019518e-005
1000	1.61043676	2.73205128e-005
1005	1.61034571	2.68520776e-005
1010	1.61025611	2.63961937e-005
1015	1.61016794	2.59524276e-005
1020	1.61008116	2.55203636e-005
1025	1.60999574	2.50996035e-005
1030	1.60991165	2.46897652e-005
1035	1.60982887	2.42904825e-005
1040	1.60974737	2.39014037e-005
1045	1.60966712	2.35221914e-005
1050	1.60958809	2.31525218e-005
1055	1.60951027	2.27920838e-005
1060	1.60943363	2.24405785e-005
1065	1.60935813	2.20977189e-005
1070	1.60928377	2.1763229e-005
1075	1.60921051	2.14368436e-005
1080	1.60913834	2.11183076e-005
1085	1.60906724	2.08073756e-005
1090	1.60899717	2.05038115e-005
1095	1.60892813	2.02073881e-005
1100	1.60886008	1.99178869e-005
1105	1.60879302	1.96350972e-005
1110	1.60872693	1.93588161e-005
1115	1.60866178	1.90888485e-005
1120	1.60859755	1.88250059e-005
1125	1.60853423	1.85671071e-005
1130	1.60847181	1.83149772e-005
1135	1.60841026	1.80684474e-005
1140	1.60834957	1.78273552e-005
1145	1.60828972	1.75915436e-005
1150	1.6082307	1.73608614e-005
1155	1.60817249	1.71351623e-005
1160	1.60811507	1.69143054e-005
1165	1.60805844	1.66981544e-005
1170	1.60800258	1.64865779e-005
1175	1.60794747	1.62794489e-005
1180	1.6078931	1.60766445e-005
1185	1.60783945	1.58780462e-005
1190	1.60778652	1.56835394e-005
1195	1.60773429	1.54930133e-005
1200	1.60768275	1.53063606e-005
1205	1.60763189	1.51234778e-005
1210	1.60758169	1.49442646e-005
1215	1.60753214	1.4768624e-005
1220	1.60748323	1.45964621e-005
1225	1.60743496	1.44276882e-005
1230	1.6073873	1.42622142e-005
1235	1.60734025	1.40999549e-005
1240	1.6072938	1.3940828e-005
1245	1.60724794	1.37847536e-005
1250	1.60720266	1.36316542e-005
1255	1.60715794	1.34814549e-005
1260	1.60711379	1.3334083e-005
1265	1.60707018	1.31894681e-005
1270	1.60702712	1.30475419e-005
1275	1.60698458	1.29082382e-005
1280	1.60694257	1.27714927e-005
1285	1.60690107	1.26372432e-005
1290	1.60686008	1.25054292e-005
1295	1.60681958	1.23759922e-005
1300	1.60677958	1.22488752e-005
1305	1.60674005	1.2124023e-005
1310	1.606701	1.20013819e-005
1315	1.60666242	1.18809e-005
1320	1.60662429	1.17625267e-005
1325	1.60658661	1.16462128e-005
1330	1.60654938	1.15319108e-005
1335	1.60651259	1.14195742e-005
1340	1.60647622	1.13091581e-005
1345	1.60644028	1.12006187e-005
1350	1.60640476	1.10939134e-005
1355	1.60636964	1.0989001e-005
1430	1.60588814	9.60555986e-006
1435	1.6058588	9.52454335e-006
1440	1.60582978	9.44476569e-006
1445	1.60580108	9.36620143e-006
1450	1.60577268	9.28882578e-006
1455	1.60574459	9.21261457e-006
1460	1.6057168	9.13754424e-006
1465	1.6056893	9.06359182e-006
1470	1.6056621	8.99073491e-006
1475	1.60563518	8.91895167e-006
1480	1.60560854	8.84822079e-006
1485	1.60558218	8.77852149e-006
1490	1.6055561	8.70983351e-006
1495	1.60553029	8.64213706e-006
1500	1.60550474	8.57541284e-006
1505	1.60547946	8.50964203e-006
1510	1.60545444	8.44480623e-006
1515	1.60542968	8.38088751e-006
1520	1.60540517	8.31786835e-006
1525	1.6053809	8.25573165e-006
1530	1.60535689	8.19446073e-006
1535	1.60533311	8.13403926e-006
1540	1.60530958	8.07445133e-006
1545	1.60528628	8.01568139e-006
1550	1.60526322	7.95771425e-006
1555	1.60524038	7.90053505e-006
1560	1.60521778	7.84412931e-006
1565	1.60519539	7.78848285e-006
1570	1.60517323	7.73358182e-006
1575	1.60515128	7.6794127e-006
1580	1.60512955	7.62596226e-006
1585	1.60510804	7.57321756e-006
1590	1.60508673	7.52116597e-006
1595	1.60506563	7.46979512e-006
1600	1.60504473	7.41909293e-006